Run semi-empirical minimization
 &qmmm
    qm_theory='AM1', grms_tol=0.0005,
 scfconv=1.d-10, ndiis_attempts=700,   qmcharge=0,
 /
   7     N        1.3410       -0.5630       -5.0620 
   6     C        1.2350        0.7530       -5.6450 
   6    C1       -0.3060        0.9780       -5.7310 
   7    N1       -0.8470       -0.3140       -5.4200 
   6    C2        0.1230       -1.2290       -5.0420 
   7    N2        1.6850        1.8550       -4.8460 
   6    C3        0.6440        2.6120       -4.3330 
   7    N3       -0.5370        2.0290       -4.7700 
   8     O       -0.0530       -2.4000       -4.8020 
   8    O1        0.7490        3.6240       -3.6810 
   7    N4       -3.1110       -0.2710       -4.5300 
   6    C4       -3.6590        1.0500       -4.4030 
   6    C5       -4.7400        0.8890       -3.2890 
   7    N5       -4.5400       -0.4620       -2.8270 
   6    C6       -3.6610       -1.1740       -3.6330 
   7    N6       -2.7860        2.0670       -3.8730 
   6    C7       -3.2890        2.6520       -2.7200 
   7    N7       -4.4250        1.9420       -2.3680 
   8    O2       -3.4600       -2.3640       -3.6020 
   8    O3       -2.8550        3.6320       -2.1630 
   7    N8        4.9990       -1.6050        0.3100 
   6    C8        5.7500       -0.5370        0.9280 
   6    C9        5.2890       -0.6010        2.4160 
   7    N9        4.5660       -1.8370        2.4860 
   6   C10        4.4000       -2.4360        1.2470 
   7   N10        5.4160        0.8010        0.5360 
   6   C11        4.6970        1.4840        1.5040 
   7   N11        4.5220        0.6130        2.5710 
   8    O4        3.8850       -3.5070        1.0340 
   8    O5        4.3440        2.6380        1.4520 
   7   N12       -1.6400       -1.8800        4.8240 
   6   C12       -2.2420       -0.6820        5.3320 
   6   C13       -3.5860       -0.5950        4.5460 
   7   N13       -3.4410       -1.6150        3.5360 
   6   C14       -2.3460       -2.4350        3.7680 
   7   N14       -1.5920        0.5650        5.0070 
   6   C15       -2.4520        1.4580        4.3800 
   7   N15       -3.6170        0.7650        4.0920 
   8    O6       -2.0890       -3.4700        3.2020 
   8    O7       -2.2490        2.6310        4.1800 
   7   N16       -5.3360       -0.8900       -0.5730 
   6   C16       -5.8430        0.2690        0.1010 
   6   C17       -5.6090       -0.0600        1.6080 
   7   N17       -4.7930       -1.2490        1.5610 
   6   C18       -4.7210       -1.7890        0.2840 
   7   N18       -5.1160        1.5030       -0.0830 
   6   C19       -4.7190        2.0630        1.1250 
   7   N19       -4.9900        1.1310        2.1140 
   8    O8       -4.2650       -2.8660       -0.0170 
   8    O9       -4.2810        3.1760        1.2910 
   6   C20        4.1080       -2.4590        3.6970 
   6   C21       -1.7830        2.7370       -4.6570 
   6   C22        4.0850        1.1110        3.8490 
   6   C23       -2.2240       -0.6910       -5.5800 
   7   N20        3.4340       -0.9760       -3.9100 
   6   C24        4.3330        0.1440       -3.8890 
   6   C25        5.2040       -0.1130       -2.6190 
   7   N21        4.6440       -1.3190       -2.0690 
   6   C26        3.6480       -1.8630       -2.8660 
   7   N22        3.7520        1.4370       -3.6380 
   6   C27        4.2370        2.0290       -2.4810 
   7   N23        5.0350        1.0890       -1.8480 
   8   O10        3.1120       -2.9340       -2.7150 
   8   O11        4.0500        3.1670       -2.1250 
   6   C28        2.5730       -1.3060       -5.0100 
   6   C29        3.0600        2.2120       -4.6330 
   6   C30        5.8190        1.4280       -0.6920 
   6   C31        5.2590       -2.0850       -1.0220 
   6   C32       -5.4730       -1.1550       -1.9770 
   6   C33       -5.2450        2.3290       -1.2550 
   6   C34       -4.5280       -2.0700        2.7120 
   6   C35       -4.7580        1.4120        3.5050 
   7   N24        0.8230        0.5110        5.2210 
   6   C36        1.3580       -0.7650        5.6070 
   6   C37        2.8150       -0.7320        5.0450 
   7   N25        2.8710        0.5230        4.3410 
   6   C38        1.7250        1.2860        4.5100 
   7   N26        0.7840       -1.9250        4.9760 
   6   C39        1.7160       -2.6590        4.2570 
   7   N27        2.8920       -1.9250        4.2480 
   8   O12        1.5670        2.4300        4.1590 
   8   O13        1.5540       -3.7580        3.7810 
   6   C40       -0.4220        1.0470        5.6940 
   6   C41       -0.4700       -2.5100        5.3690 
   1     H        1.8260        0.7520       -6.5370 
   1    H1       -0.7500        1.2890       -6.6540 
   1    H2       -3.9500        1.3640       -5.3840 
   1    H3       -5.7770        0.9870       -3.5340 
   1    H4        6.7800       -0.6870        0.6790 
   1    H5        6.0160       -0.6200        3.2010 
   1    H6       -2.2500       -0.7650        6.3990 
   1    H7       -4.5120       -0.7780        5.0500 
   1    H8       -6.8360        0.4320       -0.2620 
   1    H9       -6.4430       -0.2740        2.2440 
   1   H10        4.8770       -2.3530        4.4330 
   1   H11        3.8920       -3.4750        3.4410 
   1   H12       -2.1730        2.8840       -5.6420 
   1   H13       -1.5650        3.6530       -4.1490 
   1   H14        3.9320        2.1660        3.7600 
   1   H15        4.8510        0.8530        4.5510 
   1   H16       -2.2680       -1.7580       -5.6400 
   1   H17       -2.5620       -0.1930       -6.4640 
   1   H18        4.7990        0.1900       -4.8510 
   1   H19        6.2570       -0.2740       -2.7230 
   1   H20        3.1090       -1.1230       -5.9180 
   1   H21        2.2990       -2.3320       -4.8780 
   1   H22        3.0920        3.2390       -4.3330 
   1   H23        3.5610        2.0190       -5.5580 
   1   H24        5.7620        2.4880       -0.5550 
   1   H25        6.8070        1.0710       -0.8930 
   1   H26        6.3170       -2.0740       -1.1790 
   1   H27        4.8340       -3.0660       -1.0770 
   1   H28       -5.3420       -2.2060       -2.1300 
   1   H29       -6.4440       -0.8000       -2.2520 
   1   H30       -6.2670        2.2990       -1.5700 
   1   H31       -4.9150        3.3060       -0.9680 
   1   H32       -4.2970       -3.0580        2.3710 
   1   H33       -5.4070       -2.0300        3.3210 
   1   H34       -5.6260        1.1060        4.0510 
   1   H35       -4.5570        2.4620        3.5600 
   1   H36        1.1980       -0.8680        6.6600 
   1   H37        3.6450       -0.7520        5.7200 
   1   H38       -0.5190        0.7970        6.7300 
   1   H39       -0.3820        2.1010        5.5130 
   1   H40       -0.4700       -3.5330        5.0560 
   1   H41       -0.5340       -2.3850        6.4300 

