   -0.13443800
    0.08750752
    0.08649358
   -0.13729688
    0.32844255
   -0.13516550
    0.32854724
   -0.13940280
   -0.49747835
   -0.49563363
   -0.14353738
    0.08954880
    0.09236776
   -0.15695165
    0.33048475
   -0.13328815
    0.32302009
   -0.14086924
   -0.50659145
   -0.48940389
   -0.13843052
    0.08911204
    0.09085514
   -0.14462469
    0.32809498
   -0.13819495
    0.33167774
   -0.13948665
   -0.49259230
   -0.50071460
   -0.14335656
    0.08961014
    0.08433112
   -0.15108407
    0.33079171
   -0.13032870
    0.32765389
   -0.13341054
   -0.49350736
   -0.48431714
   -0.17483525
    0.08340001
    0.07731462
   -0.13293301
    0.33370329
   -0.14924591
    0.24898542
   -0.05968462
   -0.48326004
   -0.29152875
    0.05995957
    0.05355844
    0.06106030
    0.06018390
   -0.13770092
    0.08920756
    0.08875366
   -0.13579235
    0.32933780
   -0.13842969
    0.33153604
   -0.13827790
   -0.49563035
   -0.50419391
    0.05697666
    0.05858248
    0.06054893
    0.05699842
    0.07914713
    0.03949517
    0.05723033
    0.04023372
   -0.13948397
    0.08999776
    0.09092345
   -0.14184060
    0.33141973
   -0.14122179
    0.33081412
   -0.14003893
   -0.49620690
   -0.49693842
    0.05593216
    0.06256967
    0.10051207
    0.10040691
    0.10280504
    0.09027335
    0.09573444
    0.09282316
    0.10395270
    0.10792379
    0.09215555
    0.11992710
    0.08841694
    0.11434450
    0.10179348
    0.12088989
    0.11109798
    0.08948698
    0.10956418
    0.09691499
    0.09741309
    0.09826786
    0.09395760
    0.11558995
    0.11183038
    0.09264726
    0.10943059
    0.09350161
    0.09507853
    0.11725971
    0.09584501
    0.06052685
    0.09918409
    0.12543825
    0.10973412
    0.10104145
    0.12373891
    0.13279368
    0.09610073
    0.09413310
    0.10122706
    0.11588342
    0.10909233
    0.09283387
   -0.03457450
   -0.03501042
   -0.03627120
    0.01484746
   -0.07161050
   -0.03379256
    0.24896688
   -0.09997944
   -0.19143918
    0.14859386
    0.11083933
   -0.06838756
    0.07559916
    0.07185433
   -0.09881274
   -0.24807668
   -0.03555826
   -0.03253472
    0.02365888
    0.01453884
    0.03881468
    0.06463620
    0.10434790
    0.11396166
    0.11034613
    0.11107538
   -0.99999970
    0.15404030
    0.22053150
    0.03797883
    0.03078250
