           1           2  0.98409676533455215     
           2           3  0.95718377759019235     
           3           4  0.97720242841422567     
           1           5   1.1406165145480125     
           4           5   1.1371369509792311     
           2           6  0.98251879559153699     
           6           7   1.1425220675441716     
           3           8  0.98811510705102990     
           7           8   1.1261573553763271     
           1           9  0.14094424072277084     
           4           9  0.14025683542019657     
           5           9   1.6046103169117145     
           6          10  0.14478121941419117     
           7          10   1.6152953391348672     
           8          10  0.13940717476268447     
          11          12  0.98009613317720945     
          12          13  0.95963428994700539     
          13          14  0.97339395049924404     
          11          15   1.1474930358772353     
          14          15   1.1262039530001169     
          12          16  0.98306762679789073     
          16          17   1.1521668038380841     
          13          18  0.98907416193229247     
          17          18   1.1294420024162504     
          11          19  0.14487623937177277     
          14          19  0.13733389196739579     
          15          19   1.6075291671896805     
          16          20  0.14469373534395247     
          17          20   1.5970447040943574     
          18          20  0.14054880558598937     
          21          22  0.98399993178526834     
          22          23  0.95702257690805170     
          23          24  0.97912922752469267     
          21          25   1.1365509080527734     
          24          25   1.1376881334750271     
          22          26  0.98370082051678431     
          26          27   1.1371362342046050     
          23          28  0.98789056732500347     
          27          28   1.1351343859020206     
          21          29  0.13986827330863835     
          24          29  0.13965286817471223     
          25          29   1.6047585510700697     
          26          30  0.14187163354211324     
          27          30   1.6091943285237262     
          28          30  0.14013646499274648     
          31          32  0.97821806941032419     
          32          33  0.95813248531355666     
          33          34  0.98168907313770304     
          31          35   1.1438896247662105     
          34          35   1.1171343195689605     
          32          36  0.98532217190794358     
          36          37   1.1484375604220858     
          33          38  0.97982636521674882     
          37          38   1.1142649444485966     
          31          39  0.14588004230431925     
          34          39  0.13779180882528691     
          35          39   1.6175746672243738     
          36          40  0.14667181250152056     
          37          40   1.6227473274502946     
          38          40  0.13601718185084424     
          41          42  0.96020935000405128     
          42          43  0.94031012703893113     
          43          44  0.98837495189202174     
          41          45   1.1135610232473570     
          44          45   1.1356620061878293     
          42          46   1.0105436673871744     
          43          48  0.96772488923935862     
          41          49  0.13623479272121611     
          44          49  0.14202164956057342     
          45          49   1.6311640693689413     
          47          50   1.9068515044003933     
          24          51  0.98552302600762276     
           8          52  0.98978093658394362     
          16          52  0.97867249357984687     
          28          53  0.98865043181741985     
           4          54  0.99510215404413249     
          11          54  0.97494999751087352     
          55          56  0.98161252549628153     
          56          57  0.95681077314819662     
          57          58  0.98262158304442060     
          55          59   1.1385129111415964     
          58          59   1.1364948094294183     
          56          60  0.98511659282310859     
          60          61   1.1354953047242233     
          57          62  0.98353943711979619     
          61          62   1.1390446845562598     
          55          63  0.14115499490897104     
          58          63  0.14119562576347749     
          59          63   1.5985366094594073     
          60          64  0.14036494916395298     
          61          64   1.6070244467035855     
          62          64  0.14205102229085087     
           1          65  0.98466327332433468     
          55          65  0.98677023082696425     
           6          66  0.98601093484216296     
          60          66  0.98685009976129812     
          26          67  0.98719142826397921     
          62          67  0.98560589405189170     
          21          68  0.98408151342113070     
          58          68  0.98632627113647819     
          14          69  0.99244390284690409     
          41          69  0.98206154258120337     
          18          70  0.98803656154864394     
          46          70  0.97790909423838523     
          34          71  0.98182352188833022     
          44          71  0.98108937964577725     
          38          72  0.99558800774663647     
          48          72  0.96544536015655313     
          73          74  0.99042981931379792     
          74          75  0.95713999898216273     
          53          76  0.98543752934913842     
          75          76  0.98384161350244015     
          73          77   1.1316329902180184     
          76          77   1.1368664133044306     
          74          78  0.97622552726632050     
          78          79   1.1345126994342303     
          51          80  0.98677303984527220     
          75          80  0.98317605854819157     
          79          80   1.1389654560400739     
          73          81  0.14004108868986648     
          76          81  0.14283099757860843     
          77          81   1.6144691645127001     
          78          82  0.14014991066527174     
          79          82   1.6070995803933268     
          80          82  0.14043468018641334     
          36          83  0.98473741307556517     
          73          83  0.98507350199740784     
          31          84  0.97908234430493468     
          78          84  0.99069092420899441     
           2          85  0.94175619719682646     
           3          86  0.94226050323585819     
          12          87  0.94200041558140313     
          13          88  0.94484813193640993     
          22          89  0.94148475411638088     
          23          90  0.94195877369149406     
          32          91  0.94189431638597809     
          33          92  0.94272118904189195     
          42          93  0.93814702722852295     
          43          94  0.93359372591245804     
          51          95  0.94982643285095447     
          51          96  0.94799083519582295     
          52          97  0.95093973275930366     
          52          98  0.94709686169113250     
          53          99  0.94830890718021421     
          53         100  0.94899579205001661     
          54         101  0.94910815961561301     
          54         102  0.95079012581308509     
          56         103  0.94211542881453281     
          57         104  0.94224778765647488     
          65         105  0.94928181849229865     
          65         106  0.94802436393960376     
          66         107  0.94868202857739348     
          66         108  0.94859474380371722     
          67         109  0.94892190818499123     
          67         110  0.94971328864054372     
          68         111  0.95060316256817912     
          68         112  0.94748879192123503     
          69         113  0.94991634755583987     
          69         114  0.95336949500374857     
          70         115  0.95425843435826374     
          70         116  0.94573750827259806     
          71         117  0.95120393922208391     
          71         118  0.95158907801237791     
          72         119  0.94792827741000885     
          72         120  0.93592136846441032     
          74         121  0.94194554375638528     
          75         122  0.94187240601380129     
          83         123  0.95082930544805977     
          83         124  0.94845886175622562     
          84         125  0.94961098171003777     
          84         126  0.95046314746194094     
         127         128   1.4363955211494801     
         128         129   1.4402671526587181     
         127         130  0.10762044417634788     
         129         130   1.4129667772663201     
         130         131   1.0154247114021473     
         131         132  0.95105258525978131     
         132         133  0.97336004065329784     
         133         134   1.3088373622920657     
         134         135   1.4714989778134535     
         135         136   1.3180967318791070     
         136         137   1.0782189601548051     
         137         138   1.2716879988390972     
          47         139  0.96671394055098181     
          48         139   1.1867546165217380     
         138         139   1.4891086625892842     
          46         140   1.0013535922137058     
          47         140  0.90266011079898467     
         137         141   1.3853364353143311     
         140         141  0.94406454576877630     
         133         142   1.2861201709693251     
         134         142  0.14047533611184268     
         136         142   1.3989701435383441     
         128         143  0.10672434051873922     
         130         143   1.4003976791867006     
         127         144   1.4327839612089042     
         129         144  0.11035490978248286     
         143         144   1.4482312557209547     
         127         145  0.97129128401731923     
         128         146  0.96763010368694546     
         129         147  0.96496579523449277     
         131         148  0.97366896271905889     
         131         149  0.94328082901880239     
         132         150  0.95169385491008351     
         132         151  0.95841079556041531     
         138         152  0.92859800868292897     
         140         154  0.91759428334350468     
         141         155  0.91411164649625520     
         143         156  0.96009854203957556     
         144         157  0.96802788900201331     
